$ 3 0.000005 1.500424758475255 50 5 50 5e-11
w 24 216 24 296 0
w 24 296 56 296 0
w 24 216 56 216 0
152 584 16 712 16 0 2 5 5
150 456 32 584 32 0 2 5 5
150 264 -16 408 -16 0 2 0 5
w 584 112 696 112 0
w 424 48 424 128 0
w 456 48 424 48 0
w 584 -16 584 0 0
w 232 0 232 144 0
w 264 0 232 0 0
w 200 112 264 112 0
w 200 -32 200 112 0
w 264 -32 200 -32 0
w 232 144 264 144 0
w 408 -16 584 -16 0
w 392 16 392 80 0
w 392 80 264 80 0
w 392 96 392 80 0
w 456 96 392 96 0
w 456 16 392 16 0
w 424 128 456 128 0
w 392 128 424 128 0
154 456 112 584 112 0 2 0 5
154 264 128 392 128 0 2 5 5
w 200 144 232 144 0
w 200 144 200 200 0
152 1064 -224 1192 -224 0 2 5 5
150 936 -208 1064 -208 0 2 0 5
150 744 -256 888 -256 0 2 5 5
w 1176 -128 1176 -168 0
w 1064 -128 1176 -128 0
w 904 -192 904 -112 0
w 936 -192 904 -192 0
w 1064 -256 1064 -240 0
w 712 -240 712 -96 0
w 744 -240 712 -240 0
w 680 -128 744 -128 0
w 680 -272 680 -128 0
w 744 -272 680 -272 0
w 712 -96 744 -96 0
w 888 -256 1064 -256 0
w 872 -224 872 -160 0
w 872 -160 744 -160 0
w 872 -144 872 -160 0
w 936 -144 872 -144 0
w 936 -224 872 -224 0
w 904 -112 936 -112 0
w 872 -112 904 -112 0
154 936 -128 1064 -128 0 2 0 5
154 744 -112 872 -112 0 2 0 5
w 712 16 712 -96 0
w 1160 -400 1224 -400 0
w 1192 -368 1224 -368 0
w 1352 -432 1224 -432 0
w 1352 -416 1352 -432 0
w 1416 -416 1352 -416 0
w 1384 -384 1416 -384 0
w 1352 -384 1384 -384 0
154 1416 -400 1544 -400 0 2 0 5
154 1224 -384 1352 -384 0 2 0 5
w 1192 -368 1192 -224 0
L -88 120 -168 120 2 0 false 5 0
L -88 56 -168 56 2 1 false 5 0
L -88 -8 -168 -8 2 1 false 5 0
L -88 -72 -168 -72 2 1 false 5 0
L -88 -432 -168 -432 2 1 false 5 0
L -88 -376 -168 -376 2 1 false 5 0
L -88 -312 -168 -312 2 0 false 5 0
L -88 -248 -168 -248 2 1 false 5 0
w -88 120 -88 264 0
w -88 264 -40 264 0
w 200 112 -48 112 0
w -88 56 -48 56 0
w -48 56 -48 112 0
w 680 -128 128 -120 0
w -88 -8 128 -8 0
w 128 -8 128 -120 0
w -88 -72 80 -72 0
w 1160 -400 80 -400 0
w 80 -72 80 -400 0
w 744 -160 128 -152 0
w 128 -152 128 -376 0
w 16 80 16 -312 0
w 264 80 16 80 0
w -32 216 -32 -248 0
M 1672 -168 1728 -168 2 2.5
M 1672 -56 1728 -56 2 2.5
M 1672 -112 1728 -112 2 2.5
M 1672 0 1728 0 2 2.5
w 1544 -400 1544 0 0
w 1672 -168 1176 -168 0
w 1672 -112 1224 -112 0
w 1224 -112 1224 112 0
w 1224 112 696 112 0
w 200 280 1296 288 0
w 1296 288 1296 -56 0
w 1296 -56 1672 -56 0
154 56 280 200 280 0 2 0 5
150 56 200 200 200 0 2 0 5
w -40 264 -8 264 0
w -8 264 -8 184 0
w -8 184 56 184 0
w -8 264 56 264 0
w -32 216 24 216 0
I -88 -248 -32 -248 0 0.5 5
I -88 -312 -32 -312 0 0.5 5
I -88 -376 -24 -376 0 0.5 5
I -88 -432 -32 -432 0 0.5 5
w -32 -432 80 -432 0
w 1224 -432 1056 -432 0
w -32 -472 -32 -432 0
w 80 -432 1056 -432 0
M -32 -472 -32 -512 2 2.5
M -8 -472 -8 -512 2 2.5
M 16 -472 16 -512 2 2.5
M 40 -472 40 -512 2 2.5
w 40 -472 40 -248 0
w 40 -248 -32 -248 0
w -32 -312 -8 -312 0
w 16 -472 16 -312 0
w -8 -312 16 -312 0
w -8 -472 -8 -376 0
w -24 -376 -8 -376 0
w 128 -376 -8 -376 0
x -8 -559 54 -556 4 24 inv(Y)
x -187 -480 -171 -477 4 24 Y
x -195 169 -179 172 4 24 X
w 1544 0 1672 0 0

